precision time(ms)
1609 10.400000
8296 426.000000
4618 126.000000
8789 555.000000
2959 44.300000
5459 173.000000
6253 218.000000
8281 442.000000
7114 359.000000
8713 584.000000
3543 60.900000
2381 23.300000
9947 774.000000
7710 364.000000
1329 7.070000
9456 714.000000
2069 17.600000
9047 561.000000
7147 313.000000
5042 160.000000
3997 77.100000
7466 392.000000
7828 479.000000
4415 107.000000
325 0.645000
7955 455.000000
1499 9.340000
4036 85.200000
2675 35.900000
6555 279.000000
1235 6.030000
4106 88.400000
9440 640.000000
9792 760.000000
9991 689.000000
6511 272.000000
2008 20.600000
7439 354.000000
1222 6.360000
8216 508.000000
1841 16.200000
1493 9.330000
9710 692.000000
9106 596.000000
8763 432.000000
4270 93.300000
542 1.250000
6211 222.000000
9222 593.000000
378 0.733000
