precision time(ms)
1609 11.400000
8296 221.000000
14618 555.000000
8789 234.000000
12959 434.000000
15789 590.000000
7806 164.000000
3278 27.900000
18723 828.000000
6980 138.000000
2397 9.200000
5693 100.000000
8480 220.000000
3797 24.500000
2224 7.660000
17367 761.000000
12883 433.000000
19084 867.000000
9573 284.000000
16515 726.000000
14040 490.000000
8609 228.000000
18611 817.000000
2146 16.700000
751 0.804000
4517 75.300000
1344 2.500000
16502 706.000000
18298 848.000000
9178 269.000000
11748 390.000000
14254 514.000000
19878 904.000000
1563 6.820000
5251 89.500000
14874 565.000000
18254 844.000000
13133 442.000000
12036 388.000000
12353 414.000000
2480 29.900000
4747 80.700000
9106 262.000000
18763 868.000000
14342 530.000000
12312 421.000000
16211 621.000000
12492 398.000000
8532 231.000000
4322 58.100000
5798 100.000000
3988 57.800000
9909 284.000000
12660 432.000000
6667 136.000000
18966 843.000000
10957 337.000000
19113 862.000000
5665 107.000000
678 0.651000
2584 11.200000
17506 751.000000
12103 399.000000
8401 227.000000
268 0.424000
17053 694.000000
2850 27.700000
16428 672.000000
4619 73.800000
15719 583.000000
16608 674.000000
12159 414.000000
17190 724.000000
12315 422.000000
9831 283.000000
21 0.057200
15093 548.000000
5285 90.900000
13519 486.000000
9299 282.000000
8545 231.000000
13308 445.000000
13338 482.000000
3694 35.500000
12292 441.000000
2678 20.400000
8209 215.000000
4580 76.500000
9739 305.000000
3316 19.400000
1762 6.870000
10992 357.000000
8111 219.000000
3301 31.700000
2755 22.600000
10450 338.000000
2090 7.160000
14174 558.000000
17841 791.000000
9747 285.000000
