precision time(ms)
11609 104.000000
6659 21.100000
20738 177.000000
6638 11.000000
22737 1115.000000
40334 1098.000000
2828 4.350000
49760 3875.000000
1533 1.140000
10708 77.700000
16603 124.000000
2163 3.050000
23239 242.000000
43882 1013.000000
27355 1060.000000
17131 67.200000
19042 169.000000
27891 217.000000
17089 338.000000
31996 318.000000
43587 1573.000000
12160 34.100000
47182 1047.000000
33145 875.000000
47277 716.000000
42202 2189.000000
4134 51.700000
43494 734.000000
39629 824.000000
29160 1032.000000
10471 98.000000
14737 105.000000
11308 131.000000
43448 691.000000
29175 1729.000000
34768 1855.000000
17439 190.000000
21222 498.000000
28216 280.000000
31841 486.000000
13237 41.800000
9555 140.000000
48399 746.000000
21560 190.000000
40588 1668.000000
20563 993.000000
41291 2975.000000
42492 1302.000000
48532 3805.000000
30618 1947.000000
39831 985.000000
25730 399.000000
26074 407.000000
5620 10.200000
20511 534.000000
29689 1294.000000
30320 408.000000
24121 258.000000
7989 17.200000
42875 2165.000000
6942 12.200000
30 0.087200
13191 188.000000
8709 198.000000
4598 15.300000
34363 353.000000
2142 1.850000
31802 1960.000000
44375 2491.000000
30359 280.000000
45723 1136.000000
30093 234.000000
16656 116.000000
25989 1526.000000
46595 751.000000
34837 356.000000
25285 846.000000
43742 1146.000000
39299 1823.000000
18545 226.000000
15693 107.000000
3338 9.370000
22844 396.000000
22847 173.000000
27852 1546.000000
3216 7.210000
4622 16.500000
34631 428.000000
4172 3.780000
10936 73.900000
17884 292.000000
25594 411.000000
46605 3551.000000
42755 1336.000000
20450 260.000000
42090 768.000000
19892 134.000000
3800 64.800000
11392 32.800000
20779 132.000000
48739 1246.000000
32563 491.000000
6475 15.600000
45784 1295.000000
34096 483.000000
40222 900.000000
44424 2778.000000
37384 1119.000000
9098 34.500000
6274 13.100000
7496 17.000000
11039 116.000000
27656 1589.000000
20421 611.000000
37507 397.000000
41794 553.000000
26489 316.000000
27006 251.000000
47669 3544.000000
20159 719.000000
3655 3.280000
1962 1.090000
27188 863.000000
32429 456.000000
44177 599.000000
40174 478.000000
49149 1625.000000
33442 954.000000
44357 1158.000000
15914 120.000000
21847 183.000000
48260 2598.000000
44877 3218.000000
8703 18.800000
42948 854.000000
23184 220.000000
41709 1483.000000
36383 684.000000
27377 318.000000
48507 727.000000
29079 458.000000
1743 0.916000
26791 421.000000
39693 428.000000
39367 995.000000
27194 376.000000
16005 68.700000
20299 99.400000
42438 1411.000000
11300 53.600000
30817 714.000000
31007 313.000000
48821 1835.000000
43487 3231.000000
46388 1389.000000
842 0.255000
15727 258.000000
25698 171.000000
23718 868.000000
49965 1937.000000
10716 85.700000
2806 1.980000
25593 200.000000
11004 334.000000
29098 728.000000
78 0.145000
9015 33.600000
9382 70.800000
46632 575.000000
28299 224.000000
31790 1229.000000
39265 1444.000000
2357 9.230000
36387 2495.000000
4129 7.660000
45995 1213.000000
17248 596.000000
12265 148.000000
5512 7.140000
14536 268.000000
30129 260.000000
7348 37.800000
8670 70.300000
23141 691.000000
5895 12.100000
35377 1446.000000
43672 1150.000000
27502 369.000000
8020 25.300000
37028 653.000000
14214 53.800000
40011 1066.000000
11885 34.200000
18715 89.400000
29631 592.000000
14002 73.200000
24875 182.000000
46066 1255.000000
22802 611.000000
17968 92.600000
